<?xml version="1.0"?>
<opencv_storage>
<K type_id="opencv-matrix">
  <rows>3</rows>
  <cols>3</cols>
  <dt>d</dt>
  <data>
    3254.6263463672817 0. 1544.417886359169 0. 3265.4924545296644
    2059.7084312557472 0. 0. 1.</data></K>
<D type_id="opencv-matrix">
  <rows>1</rows>
  <cols>5</cols>
  <dt>d</dt>
  <data>
    0.53169234505639495 -3.0074568892842275 0.0038105577648685708
    -0.0028237622320521931 6.0726651856141087</data></D>
</opencv_storage>
